phase,epoch,train_loss,val_loss,val_cindex_global,normalized_avg_cindex,val_cindex_by_type
0,1,0.6395982168301815,0.5046541472276052,0.6621860811122797,0.540217329180926,"{0: 0.4426229508196721, 1: 0.5918508287292817, 2: 0.6996047430830039, 3: 0.6108597285067874, 4: 0.8571428571428571, 6: 0.5202095808383234, 7: 0.3684210526315789, 8: 0.5232198142414861, 10: 0.4311310190369541, 11: 0.5513100436681223, 12: 0.631578947368421, 13: 0.5370558375634518, 14: 0.8197424892703863, 15: 0.6090534979423868, 17: 0.5687361419068736, 18: 0.4211076280041797, 19: 0.5140845070422535, 20: 0.4779270633397313, 21: 0.6111111111111112, 23: 0.5938628158844765, 24: 0.5309973045822103, 25: 0.7142857142857143, 26: 0.41284403669724773, 27: 0.6470588235294118, 28: 0.5045454545454545, 29: 0.5130609511051574, 30: 0.4918032786885246, 31: nan, 32: 0.5257731958762887, 33: 0.19047619047619047, 34: 0.5615234375, 35: 0.46511627906976744, 36: 0.3488372093023256}"
0,2,0.6291810664810052,0.4795325766007105,0.7032794083695608,0.5625332765934926,"{0: 0.4426229508196721, 1: 0.5849447513812155, 2: 0.730660643704122, 3: 0.5339366515837104, 4: 1.0, 6: 0.500748502994012, 7: 0.42105263157894735, 8: 0.4953560371517028, 10: 0.43896976483762595, 11: 0.5693231441048034, 12: 0.631578947368421, 13: 0.5675126903553299, 14: 0.8111587982832618, 15: 0.6008230452674898, 17: 0.6175166297117517, 18: 0.4723092998955068, 19: 0.5309859154929577, 20: 0.510556621880998, 21: 0.5777777777777777, 23: 0.6070998796630566, 24: 0.5579514824797843, 25: 0.9285714285714286, 26: 0.47706422018348627, 27: 0.7058823529411765, 28: 0.5340909090909091, 29: 0.5291359678499665, 30: 0.5188524590163934, 31: nan, 32: 0.4329896907216495, 33: 0.09523809523809523, 34: 0.599609375, 35: 0.4883720930232558, 36: 0.4883720930232558}"
0,3,0.5616739548805381,0.45187456011772154,0.7184353360665509,0.5677391140374114,"{0: 0.47540983606557374, 1: 0.5904696132596685, 2: 0.7284020327498588, 3: 0.5475113122171946, 4: 0.8571428571428571, 6: 0.530688622754491, 7: 0.42105263157894735, 8: 0.4984520123839009, 10: 0.44456886898096304, 11: 0.5960698689956332, 12: 0.6842105263157895, 13: 0.5401015228426396, 14: 0.8111587982832618, 15: 0.5102880658436214, 17: 0.6940133037694013, 18: 0.5454545454545454, 19: 0.5539906103286385, 20: 0.513915547024952, 21: 0.5888888888888889, 23: 0.6486161251504212, 24: 0.5741239892183289, 25: 0.8571428571428571, 26: 0.45871559633027525, 27: 0.6470588235294118, 28: 0.5181818181818182, 29: 0.5331547220361688, 30: 0.5459016393442623, 31: nan, 32: 0.44329896907216493, 33: 0.14285714285714285, 34: 0.6435546875, 35: 0.4186046511627907, 36: 0.6046511627906976}"
0,4,0.5311162216322762,0.44363349278767905,0.7331476314713352,0.5883323801732684,"{0: 0.5737704918032787, 1: 0.6187845303867403, 2: 0.7391304347826086, 3: 0.5294117647058824, 4: 0.8571428571428571, 6: 0.5741017964071856, 7: 0.3684210526315789, 8: 0.5294117647058824, 10: 0.43822321761851435, 11: 0.6135371179039302, 12: 0.7894736842105263, 13: 0.5279187817258884, 14: 0.8412017167381974, 15: 0.588477366255144, 17: 0.7184035476718403, 18: 0.5600835945663531, 19: 0.5854460093896714, 20: 0.5254318618042226, 21: 0.6555555555555556, 23: 0.6456077015643803, 24: 0.5633423180592992, 25: 0.8214285714285714, 26: 0.42201834862385323, 27: 0.6470588235294118, 28: 0.509090909090909, 29: 0.5150703281982585, 30: 0.5442622950819672, 31: nan, 32: 0.5051546391752577, 33: 0.3333333333333333, 34: 0.6630859375, 35: 0.4418604651162791, 36: 0.5813953488372093}"
0,5,0.5058738473458451,0.43328917821248375,0.7411330127310396,0.5887068608591447,"{0: 0.6065573770491803, 1: 0.6519337016574586, 2: 0.7171089779785432, 3: 0.5339366515837104, 4: 0.7142857142857143, 6: 0.5785928143712575, 7: 0.3684210526315789, 8: 0.544891640866873, 10: 0.46397909667786486, 11: 0.631004366812227, 12: 0.8421052631578947, 13: 0.5269035532994923, 14: 0.8497854077253219, 15: 0.5679012345679012, 17: 0.7527716186252772, 18: 0.5799373040752351, 19: 0.6004694835680752, 20: 0.5479846449136276, 21: 0.6777777777777778, 23: 0.6829121540312876, 24: 0.5983827493261455, 25: 0.75, 26: 0.3394495412844037, 27: 0.6352941176470588, 28: 0.575, 29: 0.535833891493637, 30: 0.5254098360655738, 31: nan, 32: 0.41237113402061853, 33: 0.38095238095238093, 34: 0.669921875, 35: 0.4186046511627907, 36: 0.5581395348837209}"
0,6,0.5077354531077778,0.42890981088082,0.7443893341139652,0.5903133412068493,"{0: 0.6885245901639344, 1: 0.6450276243093923, 2: 0.6973461321287409, 3: 0.5927601809954751, 4: 0.7142857142857143, 6: 0.5718562874251497, 7: 0.42105263157894735, 8: 0.5386996904024768, 10: 0.47144456886898095, 11: 0.6501091703056768, 12: 0.7368421052631579, 13: 0.5197969543147208, 14: 0.8497854077253219, 15: 0.5679012345679012, 17: 0.7926829268292683, 18: 0.6050156739811913, 19: 0.5915492957746479, 20: 0.5575815738963532, 21: 0.6666666666666666, 23: 0.6793020457280385, 24: 0.5822102425876011, 25: 0.6785714285714286, 26: 0.3944954128440367, 27: 0.6705882352941176, 28: 0.6022727272727273, 29: 0.5572672471533825, 30: 0.5311475409836065, 31: nan, 32: 0.38144329896907214, 33: 0.38095238095238093, 34: 0.6923828125, 35: 0.37209302325581395, 36: 0.4883720930232558}"
0,7,0.5000522289456439,0.43187604248523714,0.74393966600826,0.5970539143182392,"{0: 0.7049180327868853, 1: 0.6422651933701657, 2: 0.7012987012987013, 3: 0.5882352941176471, 4: 0.7857142857142857, 6: 0.5898203592814372, 7: 0.3684210526315789, 8: 0.544891640866873, 10: 0.48861515490854796, 11: 0.6413755458515283, 12: 0.6842105263157895, 13: 0.5177664974619289, 14: 0.8540772532188842, 15: 0.5679012345679012, 17: 0.7882483370288248, 18: 0.6374085684430512, 19: 0.5830985915492958, 20: 0.5700575815738963, 21: 0.6333333333333333, 23: 0.6630565583634176, 24: 0.5876010781671159, 25: 0.6785714285714286, 26: 0.4036697247706422, 27: 0.6705882352941176, 28: 0.5795454545454546, 29: 0.565304755525787, 30: 0.5508196721311476, 31: nan, 32: 0.38144329896907214, 33: 0.42857142857142855, 34: 0.681640625, 35: 0.4186046511627907, 36: 0.6046511627906976}"
0,8,0.4967313309927948,0.42520792931318285,0.747312176801049,0.6070830336774924,"{0: 0.7540983606557377, 1: 0.6256906077348067, 2: 0.6691134952004517, 3: 0.583710407239819, 4: 0.7142857142857143, 6: 0.5591317365269461, 7: 0.5263157894736842, 8: 0.5541795665634675, 10: 0.4830160507652109, 11: 0.6233624454148472, 12: 0.5789473684210527, 13: 0.5532994923857868, 14: 0.8412017167381974, 15: 0.588477366255144, 17: 0.8048780487804879, 18: 0.6844305120167189, 19: 0.5812206572769953, 20: 0.5657389635316699, 21: 0.5888888888888889, 23: 0.6865222623345367, 24: 0.5929919137466307, 25: 0.7142857142857143, 26: 0.3761467889908257, 27: 0.7294117647058823, 28: 0.6, 29: 0.5840589417280643, 30: 0.5639344262295082, 31: nan, 32: 0.4536082474226804, 33: 0.38095238095238093, 34: 0.6787109375, 35: 0.4883720930232558, 36: 0.6976744186046512}"
0,9,0.49678778648376465,0.427213783065478,0.7476184943361435,0.5966566319704556,"{0: 0.7868852459016393, 1: 0.6395027624309392, 2: 0.6674195369847544, 3: 0.6063348416289592, 4: 0.7142857142857143, 6: 0.5853293413173652, 7: 0.47368421052631576, 8: 0.5510835913312694, 10: 0.46920492721164614, 11: 0.607532751091703, 12: 0.6842105263157895, 13: 0.534010152284264, 14: 0.8412017167381974, 15: 0.6172839506172839, 17: 0.8192904656319291, 18: 0.61337513061651, 19: 0.5812206572769953, 20: 0.5806142034548945, 21: 0.6444444444444445, 23: 0.6762936221419976, 24: 0.6118598382749326, 25: 0.39285714285714285, 26: 0.3669724770642202, 27: 0.7294117647058823, 28: 0.5818181818181818, 29: 0.5900870730073677, 30: 0.5344262295081967, 31: nan, 32: 0.4639175257731959, 33: 0.38095238095238093, 34: 0.677734375, 35: 0.46511627906976744, 36: 0.6046511627906976}"
0,10,0.49212099611759186,0.4244657943646113,0.7521785514349392,0.6011850806396777,"{0: 0.7540983606557377, 1: 0.649171270718232, 2: 0.6572557876905702, 3: 0.5701357466063348, 4: 0.7142857142857143, 6: 0.5696107784431138, 7: 0.5263157894736842, 8: 0.5572755417956656, 10: 0.5035460992907801, 11: 0.6064410480349345, 12: 0.631578947368421, 13: 0.5756345177664974, 14: 0.8412017167381974, 15: 0.6172839506172839, 17: 0.8181818181818182, 18: 0.6572622779519331, 19: 0.596244131455399, 20: 0.5753358925143954, 21: 0.6, 23: 0.6624548736462094, 24: 0.6145552560646901, 25: 0.6428571428571429, 26: 0.3669724770642202, 27: 0.7176470588235294, 28: 0.5863636363636363, 29: 0.5780308104487609, 30: 0.5540983606557377, 31: nan, 32: 0.4742268041237113, 33: 0.3333333333333333, 34: 0.6865234375, 35: 0.3488372093023256, 36: 0.6511627906976745}"
0,11,0.4738721320358645,0.42644414653380713,0.7480394923277266,0.5989907750295688,"{0: 0.7540983606557377, 1: 0.638121546961326, 2: 0.6623376623376623, 3: 0.5882352941176471, 4: 0.7142857142857143, 6: 0.5681137724550899, 7: 0.5263157894736842, 8: 0.5603715170278638, 10: 0.49832026875699886, 11: 0.6157205240174672, 12: 0.631578947368421, 13: 0.5715736040609137, 14: 0.8412017167381974, 15: 0.5967078189300411, 17: 0.8226164079822617, 18: 0.644723092998955, 19: 0.5741784037558686, 20: 0.5681381957773513, 21: 0.6333333333333333, 23: 0.6738868832731648, 24: 0.6253369272237197, 25: 0.4642857142857143, 26: 0.3669724770642202, 27: 0.7294117647058823, 28: 0.6090909090909091, 29: 0.5853985264567984, 30: 0.5459016393442623, 31: nan, 32: 0.4639175257731959, 33: 0.3333333333333333, 34: 0.6904296875, 35: 0.4418604651162791, 36: 0.627906976744186}"
0,12,0.4849745608678385,0.4256114890178045,0.7497808245223031,0.6045627217301821,"{0: 0.7377049180327869, 1: 0.6464088397790055, 2: 0.6346696781479391, 3: 0.5701357466063348, 4: 0.7142857142857143, 6: 0.5553892215568862, 7: 0.5789473684210527, 8: 0.541795665634675, 10: 0.4916013437849944, 11: 0.5900655021834061, 12: 0.6842105263157895, 13: 0.5715736040609137, 14: 0.8111587982832618, 15: 0.6090534979423868, 17: 0.8137472283813747, 18: 0.6280041797283177, 19: 0.5661971830985916, 20: 0.5652591170825336, 21: 0.6111111111111112, 23: 0.6793020457280385, 24: 0.6415094339622641, 25: 0.6071428571428571, 26: 0.3577981651376147, 27: 0.7411764705882353, 28: 0.625, 29: 0.5807099799062291, 30: 0.5467213114754098, 31: nan, 32: 0.5051546391752577, 33: 0.38095238095238093, 34: 0.689453125, 35: 0.46511627906976744, 36: 0.6046511627906976}"
0,13,0.4858769740627593,0.42562561184167863,0.745145319754765,0.5914793818055195,"{0: 0.8360655737704918, 1: 0.6346685082872928, 2: 0.6453980801806889, 3: 0.5927601809954751, 4: 0.6428571428571429, 6: 0.563622754491018, 7: 0.5263157894736842, 8: 0.56656346749226, 10: 0.49496080627099664, 11: 0.5966157205240175, 12: 0.5789473684210527, 13: 0.5746192893401015, 14: 0.8197424892703863, 15: 0.6090534979423868, 17: 0.8215077605321508, 18: 0.6394984326018809, 19: 0.5244131455399061, 20: 0.5585412667946257, 21: 0.6, 23: 0.6654632972322503, 24: 0.6199460916442049, 25: 0.39285714285714285, 26: 0.4036697247706422, 27: 0.7294117647058823, 28: 0.6136363636363636, 29: 0.5820495646349632, 30: 0.5393442622950819, 31: nan, 32: 0.4845360824742268, 33: 0.3333333333333333, 34: 0.6904296875, 35: 0.4418604651162791, 36: 0.6046511627906976}"
0,14,0.4745531799663015,0.4285822759071986,0.7492391102607321,0.5865374842642437,"{0: 0.8360655737704918, 1: 0.6374309392265194, 2: 0.6329757199322417, 3: 0.579185520361991, 4: 0.7142857142857143, 6: 0.5583832335329342, 7: 0.42105263157894735, 8: 0.5727554179566563, 10: 0.5061590145576708, 11: 0.5884279475982532, 12: 0.631578947368421, 13: 0.5695431472081218, 14: 0.8283261802575107, 15: 0.6090534979423868, 17: 0.8093126385809313, 18: 0.632183908045977, 19: 0.5455399061032864, 20: 0.5647792706333973, 21: 0.6444444444444445, 23: 0.6654632972322503, 24: 0.6172506738544474, 25: 0.2857142857142857, 26: 0.4036697247706422, 27: 0.7058823529411765, 28: 0.5818181818181818, 29: 0.5840589417280643, 30: 0.5491803278688525, 31: nan, 32: 0.4845360824742268, 33: 0.2857142857142857, 34: 0.701171875, 35: 0.4418604651162791, 36: 0.5813953488372093}"
0,15,0.45541330232840627,0.42907420347134273,0.7472382380856813,0.5862938662833674,"{0: 0.8524590163934426, 1: 0.6367403314917127, 2: 0.6414455110107284, 3: 0.6063348416289592, 4: 0.7142857142857143, 6: 0.563622754491018, 7: 0.5789473684210527, 8: 0.5882352941176471, 10: 0.5061590145576708, 11: 0.5676855895196506, 12: 0.5789473684210527, 13: 0.5604060913705584, 14: 0.8197424892703863, 15: 0.6131687242798354, 17: 0.8048780487804879, 18: 0.6478578892371996, 19: 0.535680751173709, 20: 0.5666986564299424, 21: 0.6, 23: 0.6576413959085439, 24: 0.6226415094339622, 25: 0.21428571428571427, 26: 0.44036697247706424, 27: 0.7058823529411765, 28: 0.6045454545454545, 29: 0.5733422638981915, 30: 0.5434426229508197, 31: nan, 32: 0.4639175257731959, 33: 0.3333333333333333, 34: 0.6884765625, 35: 0.3488372093023256, 36: 0.5813953488372093}"
0,16,0.4624276092322935,0.4299903720617294,0.7445266488710766,0.5891542135617551,"{0: 0.8524590163934426, 1: 0.6243093922651933, 2: 0.6233766233766234, 3: 0.5746606334841629, 4: 0.7857142857142857, 6: 0.563622754491018, 7: 0.5789473684210527, 8: 0.6068111455108359, 10: 0.49981336319522207, 11: 0.5332969432314411, 12: 0.5789473684210527, 13: 0.5786802030456852, 14: 0.7682403433476395, 15: 0.6131687242798354, 17: 0.7937915742793792, 18: 0.6593521421107628, 19: 0.523943661971831, 20: 0.5743761996161229, 21: 0.5777777777777777, 23: 0.641395908543923, 24: 0.6307277628032345, 25: 0.21428571428571427, 26: 0.42201834862385323, 27: 0.7529411764705882, 28: 0.5681818181818182, 29: 0.5833891493636972, 30: 0.5606557377049181, 31: nan, 32: 0.4948453608247423, 33: 0.3333333333333333, 34: 0.693359375, 35: 0.4418604651162791, 36: 0.6046511627906976}"
0,17,0.4529193443160097,0.4346643870075544,0.7467991326536001,0.5920268033162877,"{0: 0.8360655737704918, 1: 0.6312154696132597, 2: 0.6290231507622812, 3: 0.6199095022624435, 4: 0.7142857142857143, 6: 0.5426646706586826, 7: 0.5263157894736842, 8: 0.5727554179566563, 10: 0.5278088839119074, 11: 0.5573144104803494, 12: 0.6842105263157895, 13: 0.5898477157360406, 14: 0.7811158798283262, 15: 0.6131687242798354, 17: 0.8126385809312638, 18: 0.6332288401253918, 19: 0.5309859154929577, 20: 0.5614203454894434, 21: 0.6222222222222222, 23: 0.6419975932611311, 24: 0.6469002695417789, 25: 0.25, 26: 0.44954128440366975, 27: 0.7294117647058823, 28: 0.6090909090909091, 29: 0.5874079035498996, 30: 0.5254098360655738, 31: nan, 32: 0.5154639175257731, 33: 0.3333333333333333, 34: 0.693359375, 35: 0.37209302325581395, 36: 0.6046511627906976}"
0,18,0.4430112124992018,0.4330335626999537,0.7438068781112732,0.5979587854896473,"{0: 0.819672131147541, 1: 0.6450276243093923, 2: 0.6431394692264257, 3: 0.6018099547511312, 4: 0.7142857142857143, 6: 0.5606287425149701, 7: 0.5263157894736842, 8: 0.5913312693498453, 10: 0.5158641284061217, 11: 0.5496724890829694, 12: 0.631578947368421, 13: 0.6111675126903553, 14: 0.7982832618025751, 15: 0.6049382716049383, 17: 0.79490022172949, 18: 0.6468129571577848, 19: 0.5126760563380282, 20: 0.5623800383877159, 21: 0.5888888888888889, 23: 0.6636582430806257, 24: 0.6469002695417789, 25: 0.4642857142857143, 26: 0.42201834862385323, 27: 0.7058823529411765, 28: 0.6204545454545455, 29: 0.5974547890154053, 30: 0.55, 31: nan, 32: 0.5257731958762887, 33: 0.3333333333333333, 34: 0.685546875, 35: 0.37209302325581395, 36: 0.627906976744186}"
0,19,0.4440029303566748,0.4317186246315638,0.7421515562590631,0.5924327625810306,"{0: 0.8688524590163934, 1: 0.6263812154696132, 2: 0.6211180124223602, 3: 0.6289592760180995, 4: 0.7142857142857143, 6: 0.530688622754491, 7: 0.47368421052631576, 8: 0.628482972136223, 10: 0.5259425158641284, 11: 0.5338427947598253, 12: 0.631578947368421, 13: 0.5857868020304569, 14: 0.7639484978540773, 15: 0.6090534979423868, 17: 0.7926829268292683, 18: 0.6311389759665622, 19: 0.5117370892018779, 20: 0.5542226487523992, 21: 0.6333333333333333, 23: 0.661251504211793, 24: 0.6630727762803235, 25: 0.2857142857142857, 26: 0.43119266055045874, 27: 0.6, 28: 0.6022727272727273, 29: 0.5927662424648359, 30: 0.5467213114754098, 31: nan, 32: 0.5670103092783505, 33: 0.38095238095238093, 34: 0.69140625, 35: 0.46511627906976744, 36: 0.6046511627906976}"
0,20,0.4507696790730252,0.43539962073167165,0.7464445286105105,0.5998849800093894,"{0: 0.8852459016393442, 1: 0.630524861878453, 2: 0.6482213438735178, 3: 0.5972850678733032, 4: 0.7857142857142857, 6: 0.532185628742515, 7: 0.5263157894736842, 8: 0.6130030959752322, 10: 0.5255692422545726, 11: 0.5425764192139738, 12: 0.5263157894736842, 13: 0.6131979695431472, 14: 0.7939914163090128, 15: 0.6131687242798354, 17: 0.7971175166297118, 18: 0.6509926854754441, 19: 0.5131455399061032, 20: 0.5575815738963532, 21: 0.6, 23: 0.674488567990373, 24: 0.6469002695417789, 25: 0.5, 26: 0.44954128440366975, 27: 0.6588235294117647, 28: 0.6227272727272727, 29: 0.5559276624246483, 30: 0.5614754098360656, 31: nan, 32: 0.5876288659793815, 33: 0.3333333333333333, 34: 0.6533203125, 35: 0.3953488372093023, 36: 0.6046511627906976}"
0,21,0.42937969698124573,0.4452790593107541,0.7414438571262587,0.6015638219359365,"{0: 0.8524590163934426, 1: 0.630524861878453, 2: 0.6290231507622812, 3: 0.5972850678733032, 4: 0.7142857142857143, 6: 0.5800898203592815, 7: 0.5789473684210527, 8: 0.5851393188854489, 10: 0.509518477043673, 11: 0.5420305676855895, 12: 0.6842105263157895, 13: 0.5949238578680203, 14: 0.759656652360515, 15: 0.6172839506172839, 17: 0.7771618625277162, 18: 0.6593521421107628, 19: 0.4784037558685446, 20: 0.5710172744721689, 21: 0.5777777777777777, 23: 0.6678700361010831, 24: 0.6549865229110512, 25: 0.4642857142857143, 26: 0.45871559633027525, 27: 0.7058823529411765, 28: 0.6, 29: 0.5559276624246483, 30: 0.5639344262295082, 31: nan, 32: 0.5876288659793815, 33: 0.3333333333333333, 34: 0.671875, 35: 0.4186046511627907, 36: 0.627906976744186}"
0,22,0.4348178189091322,0.4391866649190585,0.7469915242088935,0.5974207827140967,"{0: 0.8852459016393442, 1: 0.6201657458563536, 2: 0.6278938452851497, 3: 0.6108597285067874, 4: 0.7142857142857143, 6: 0.5097305389221557, 7: 0.5789473684210527, 8: 0.6222910216718266, 10: 0.5222097797685704, 11: 0.5447598253275109, 12: 0.631578947368421, 13: 0.6365482233502539, 14: 0.7467811158798283, 15: 0.6172839506172839, 17: 0.8104212860310421, 18: 0.6624869383490073, 19: 0.4732394366197183, 20: 0.5810940499040307, 21: 0.6222222222222222, 23: 0.6919374247894103, 24: 0.6226415094339622, 25: 0.32142857142857145, 26: 0.45871559633027525, 27: 0.6235294117647059, 28: 0.6, 29: 0.5753516409912927, 30: 0.5688524590163935, 31: nan, 32: 0.5979381443298969, 33: 0.3333333333333333, 34: 0.6591796875, 35: 0.3953488372093023, 36: 0.6511627906976745}"
0,23,0.4284918569341427,0.43801149825255076,0.7447907157116752,0.6036617237112718,"{0: 0.9016393442622951, 1: 0.6263812154696132, 2: 0.6250705815923208, 3: 0.6018099547511312, 4: 0.7857142857142857, 6: 0.5224550898203593, 7: 0.5789473684210527, 8: 0.6130030959752322, 10: 0.5311683463979097, 11: 0.5485807860262009, 12: 0.5789473684210527, 13: 0.6182741116751269, 14: 0.6909871244635193, 15: 0.6255144032921811, 17: 0.8137472283813747, 18: 0.6593521421107628, 19: 0.47183098591549294, 20: 0.5666986564299424, 21: 0.6, 23: 0.6750902527075813, 24: 0.6549865229110512, 25: 0.39285714285714285, 26: 0.46788990825688076, 27: 0.6470588235294118, 28: 0.5977272727272728, 29: 0.579370395177495, 30: 0.5598360655737705, 31: nan, 32: 0.6082474226804123, 33: 0.38095238095238093, 34: 0.6767578125, 35: 0.46511627906976744, 36: 0.6511627906976745}"
0,24,0.4163676062050988,0.4451389501492182,0.746921357876963,0.6119723409667255,"{0: 0.9344262295081968, 1: 0.6339779005524862, 2: 0.6414455110107284, 3: 0.579185520361991, 4: 0.7857142857142857, 6: 0.5261976047904192, 7: 0.5789473684210527, 8: 0.6346749226006192, 10: 0.5405001866368048, 11: 0.5534934497816594, 12: 0.631578947368421, 13: 0.6081218274111675, 14: 0.7467811158798283, 15: 0.6255144032921811, 17: 0.8093126385809313, 18: 0.6698014629049112, 19: 0.4784037558685446, 20: 0.5609404990403071, 21: 0.6222222222222222, 23: 0.6865222623345367, 24: 0.6415094339622641, 25: 0.42857142857142855, 26: 0.4954128440366973, 27: 0.6352941176470588, 28: 0.5977272727272728, 29: 0.5639651707970529, 30: 0.5860655737704918, 31: nan, 32: 0.6082474226804123, 33: 0.3333333333333333, 34: 0.6591796875, 35: 0.5348837209302325, 36: 0.6511627906976745}"
0,25,0.40361507005300845,0.4443387324611346,0.7433089234975728,0.6192357970385582,"{0: 0.9344262295081968, 1: 0.638121546961326, 2: 0.6352343308865048, 3: 0.5882352941176471, 4: 0.7142857142857143, 6: 0.530688622754491, 7: 0.631578947368421, 8: 0.6253869969040248, 10: 0.5587905935050392, 11: 0.5480349344978166, 12: 0.6842105263157895, 13: 0.6253807106598985, 14: 0.6909871244635193, 15: 0.6296296296296297, 17: 0.8126385809312638, 18: 0.6530825496342738, 19: 0.47183098591549294, 20: 0.5633397312859885, 21: 0.6777777777777778, 23: 0.6618531889290012, 24: 0.6415094339622641, 25: 0.5714285714285714, 26: 0.48623853211009177, 27: 0.6470588235294118, 28: 0.5886363636363636, 29: 0.565304755525787, 30: 0.5573770491803278, 31: nan, 32: 0.5979381443298969, 33: 0.42857142857142855, 34: 0.669921875, 35: 0.5116279069767442, 36: 0.6744186046511628}"
0,26,0.40516214072704315,0.4512633467713992,0.7478101314147494,0.6102528887560339,"{0: 0.9344262295081968, 1: 0.6484806629834254, 2: 0.6533032185206098, 3: 0.5882352941176471, 4: 0.6428571428571429, 6: 0.4940119760479042, 7: 0.5263157894736842, 8: 0.6191950464396285, 10: 0.5614035087719298, 11: 0.5775109170305677, 12: 0.7368421052631579, 13: 0.6152284263959391, 14: 0.721030042918455, 15: 0.6337448559670782, 17: 0.8070953436807096, 18: 0.6750261233019854, 19: 0.47981220657276996, 20: 0.5681381957773513, 21: 0.6444444444444445, 23: 0.6913357400722022, 24: 0.6361185983827493, 25: 0.5357142857142857, 26: 0.48623853211009177, 27: 0.6588235294117647, 28: 0.6136363636363636, 29: 0.5579370395177495, 30: 0.5647540983606557, 31: nan, 32: 0.5876288659793815, 33: 0.2857142857142857, 34: 0.6435546875, 35: 0.4418604651162791, 36: 0.6976744186046512}"
0,27,0.39840855061256586,0.45780030488967893,0.7424835260015301,0.6168372687741737,"{0: 0.9180327868852459, 1: 0.6595303867403315, 2: 0.6386222473178995, 3: 0.5972850678733032, 4: 0.7142857142857143, 6: 0.5254491017964071, 7: 0.6842105263157895, 8: 0.5975232198142415, 10: 0.5670026129152669, 11: 0.5807860262008734, 12: 0.6842105263157895, 13: 0.5888324873096447, 14: 0.7167381974248928, 15: 0.6255144032921811, 17: 0.8004434589800443, 18: 0.6603970741901777, 19: 0.4765258215962441, 20: 0.5532629558541267, 21: 0.6222222222222222, 23: 0.6859205776173285, 24: 0.6307277628032345, 25: 0.6785714285714286, 26: 0.48623853211009177, 27: 0.6470588235294118, 28: 0.6, 29: 0.5411922304085733, 30: 0.5713114754098361, 31: nan, 32: 0.6082474226804123, 33: 0.38095238095238093, 34: 0.6279296875, 35: 0.4186046511627907, 36: 0.6511627906976745}"
0,28,0.39912061956750244,0.45382046153148015,0.7429437567808592,0.6001704153942948,"{0: 0.9344262295081968, 1: 0.6325966850828729, 2: 0.6448334274421231, 3: 0.6018099547511312, 4: 0.6428571428571429, 6: 0.5217065868263473, 7: 0.5789473684210527, 8: 0.6130030959752322, 10: 0.5423665546845838, 11: 0.5442139737991266, 12: 0.631578947368421, 13: 0.5989847715736041, 14: 0.6866952789699571, 15: 0.6337448559670782, 17: 0.7971175166297118, 18: 0.6624869383490073, 19: 0.4671361502347418, 20: 0.5609404990403071, 21: 0.6444444444444445, 23: 0.6997593261131168, 24: 0.6415094339622641, 25: 0.42857142857142855, 26: 0.46788990825688076, 27: 0.6705882352941176, 28: 0.625, 29: 0.5432016075016745, 30: 0.5983606557377049, 31: nan, 32: 0.6082474226804123, 33: 0.2857142857142857, 34: 0.626953125, 35: 0.46511627906976744, 36: 0.6046511627906976}"
0,29,0.4007986932366836,0.46366021583477657,0.7430086417759778,0.6082780791593111,"{0: 0.9180327868852459, 1: 0.6395027624309392, 2: 0.6324110671936759, 3: 0.5701357466063348, 4: 0.7142857142857143, 6: 0.5419161676646707, 7: 0.631578947368421, 8: 0.6470588235294118, 10: 0.5375139977603584, 11: 0.5278384279475983, 12: 0.6842105263157895, 13: 0.6314720812182741, 14: 0.7081545064377682, 15: 0.6172839506172839, 17: 0.7915742793791575, 18: 0.6698014629049112, 19: 0.4647887323943662, 20: 0.5801343570057581, 21: 0.6333333333333333, 23: 0.677496991576414, 24: 0.628032345013477, 25: 0.5357142857142857, 26: 0.45871559633027525, 27: 0.6941176470588235, 28: 0.5727272727272728, 29: 0.5298057602143336, 30: 0.5967213114754099, 31: nan, 32: 0.6082474226804123, 33: 0.2857142857142857, 34: 0.6435546875, 35: 0.46511627906976744, 36: 0.627906976744186}"
0,30,0.3962514020753007,0.4565555157760779,0.7461457558422903,0.6077255090811062,"{0: 0.9180327868852459, 1: 0.6429558011049724, 2: 0.6290231507622812, 3: 0.579185520361991, 4: 0.7857142857142857, 6: 0.5209580838323353, 7: 0.631578947368421, 8: 0.628482972136223, 10: 0.5584173198954834, 11: 0.550764192139738, 12: 0.6842105263157895, 13: 0.6213197969543147, 14: 0.6652360515021459, 15: 0.6296296296296297, 17: 0.7982261640798226, 18: 0.6562173458725182, 19: 0.46572769953051646, 20: 0.5825335892514395, 21: 0.6777777777777778, 23: 0.6877256317689531, 24: 0.6253369272237197, 25: 0.42857142857142855, 26: 0.46788990825688076, 27: 0.6352941176470588, 28: 0.5772727272727273, 29: 0.5478901540522438, 30: 0.5795081967213115, 31: nan, 32: 0.6185567010309279, 33: 0.2857142857142857, 34: 0.6279296875, 35: 0.5116279069767442, 36: 0.627906976744186}"
0,31,0.37363415853190823,0.4636478302379449,0.7443546281863437,0.6078229830178657,"{0: 0.9180327868852459, 1: 0.6395027624309392, 2: 0.6357989836250706, 3: 0.5927601809954751, 4: 0.7142857142857143, 6: 0.48278443113772457, 7: 0.631578947368421, 8: 0.653250773993808, 10: 0.5714818962299365, 11: 0.5589519650655022, 12: 0.631578947368421, 13: 0.6294416243654822, 14: 0.7167381974248928, 15: 0.6378600823045267, 17: 0.8104212860310421, 18: 0.6530825496342738, 19: 0.48450704225352115, 20: 0.5714971209213052, 21: 0.6777777777777778, 23: 0.6684717208182912, 24: 0.628032345013477, 25: 0.4642857142857143, 26: 0.45871559633027525, 27: 0.6470588235294118, 28: 0.6113636363636363, 29: 0.5338245144005358, 30: 0.5672131147540984, 31: nan, 32: 0.5979381443298969, 33: 0.3333333333333333, 34: 0.6357421875, 35: 0.4418604651162791, 36: 0.6511627906976745}"
0,32,0.38744473488641384,0.4604230890671412,0.7399726275857802,0.6098257358444332,"{0: 0.9016393442622951, 1: 0.6560773480662984, 2: 0.629587803500847, 3: 0.579185520361991, 4: 0.7857142857142857, 6: 0.5037425149700598, 7: 0.631578947368421, 8: 0.6346749226006192, 10: 0.5785740948114968, 11: 0.5502183406113537, 12: 0.7368421052631579, 13: 0.616243654822335, 14: 0.703862660944206, 15: 0.6296296296296297, 17: 0.811529933481153, 18: 0.6509926854754441, 19: 0.468075117370892, 20: 0.5657389635316699, 21: 0.6888888888888889, 23: 0.6678700361010831, 24: 0.6415094339622641, 25: 0.42857142857142855, 26: 0.47706422018348627, 27: 0.6470588235294118, 28: 0.5681818181818182, 29: 0.5204286671131949, 30: 0.5557377049180328, 31: nan, 32: 0.5670103092783505, 33: 0.3333333333333333, 34: 0.6220703125, 35: 0.46511627906976744, 36: 0.6976744186046512}"
0,33,0.3729300421013051,0.47196109195550284,0.7414664914268814,0.6080214603758038,"{0: 0.9344262295081968, 1: 0.6484806629834254, 2: 0.6228119706380576, 3: 0.583710407239819, 4: 0.7142857142857143, 6: 0.5089820359281437, 7: 0.631578947368421, 8: 0.6594427244582043, 10: 0.5785740948114968, 11: 0.5649563318777293, 12: 0.631578947368421, 13: 0.6060913705583756, 14: 0.6824034334763949, 15: 0.6666666666666666, 17: 0.802660753880266, 18: 0.6499477533960293, 19: 0.48450704225352115, 20: 0.555662188099808, 21: 0.6666666666666666, 23: 0.6720818291215404, 24: 0.6199460916442049, 25: 0.4642857142857143, 26: 0.4954128440366973, 27: 0.6705882352941176, 28: 0.5909090909090909, 29: 0.5298057602143336, 30: 0.5614754098360656, 31: nan, 32: 0.5979381443298969, 33: 0.2857142857142857, 34: 0.6123046875, 35: 0.5116279069767442, 36: 0.6511627906976745}"
0,34,0.37405275979212355,0.48545245031515755,0.7442429656366047,0.6120806666290469,"{0: 0.9344262295081968, 1: 0.630524861878453, 2: 0.6391869000564653, 3: 0.5927601809954751, 4: 0.7142857142857143, 6: 0.5344311377245509, 7: 0.5789473684210527, 8: 0.6470588235294118, 10: 0.5793206420306084, 11: 0.5562227074235808, 12: 0.7368421052631579, 13: 0.6111675126903553, 14: 0.6781115879828327, 15: 0.6872427983539094, 17: 0.7782705099778271, 18: 0.6217345872518286, 19: 0.47183098591549294, 20: 0.5753358925143954, 21: 0.7111111111111111, 23: 0.6582430806257521, 24: 0.628032345013477, 25: 0.5, 26: 0.5137614678899083, 27: 0.6941176470588235, 28: 0.6181818181818182, 29: 0.5170797052913597, 30: 0.5655737704918032, 31: nan, 32: 0.6082474226804123, 33: 0.2857142857142857, 34: 0.6025390625, 35: 0.5116279069767442, 36: 0.6046511627906976}"
0,35,0.3622439164637017,0.48469653924306233,0.7449491558160345,0.6126228321283869,"{0: 0.9180327868852459, 1: 0.6443370165745856, 2: 0.6177300959909655, 3: 0.583710407239819, 4: 0.8571428571428571, 6: 0.49251497005988026, 7: 0.5789473684210527, 8: 0.6377708978328174, 10: 0.5804404628592759, 11: 0.5414847161572053, 12: 0.6842105263157895, 13: 0.6071065989847716, 14: 0.6781115879828327, 15: 0.6666666666666666, 17: 0.7860310421286031, 18: 0.6478578892371996, 19: 0.4896713615023474, 20: 0.5738963531669866, 21: 0.7333333333333333, 23: 0.6618531889290012, 24: 0.6118598382749326, 25: 0.5, 26: 0.5137614678899083, 27: 0.6588235294117647, 28: 0.5704545454545454, 29: 0.5378432685867381, 30: 0.5647540983606557, 31: nan, 32: 0.5979381443298969, 33: 0.2857142857142857, 34: 0.619140625, 35: 0.4883720930232558, 36: 0.6744186046511628}"
0,36,0.36217923684656117,0.4896280872325102,0.7412461842341533,0.6187990876189184,"{0: 0.9016393442622951, 1: 0.6443370165745856, 2: 0.6442687747035574, 3: 0.5882352941176471, 4: 0.7142857142857143, 6: 0.49176646706586824, 7: 0.5789473684210527, 8: 0.6408668730650154, 10: 0.597237775289287, 11: 0.5764192139737991, 12: 0.7368421052631579, 13: 0.6050761421319797, 14: 0.6952789699570815, 15: 0.6954732510288066, 17: 0.7871396895787139, 18: 0.632183908045977, 19: 0.48262910798122066, 20: 0.5662188099808061, 21: 0.7111111111111111, 23: 0.6708784596871239, 24: 0.6253369272237197, 25: 0.7142857142857143, 26: 0.5229357798165137, 27: 0.6705882352941176, 28: 0.6227272727272727, 29: 0.5304755525787006, 30: 0.5524590163934426, 31: nan, 32: 0.5876288659793815, 33: 0.2857142857142857, 34: 0.6123046875, 35: 0.4418604651162791, 36: 0.6744186046511628}"
0,37,0.34424063970311347,0.48281637703378993,0.736953211882706,0.6099472740268048,"{0: 0.9180327868852459, 1: 0.619475138121547, 2: 0.6341050254093732, 3: 0.5927601809954751, 4: 0.7142857142857143, 6: 0.4940119760479042, 7: 0.631578947368421, 8: 0.631578947368421, 10: 0.59163867114595, 11: 0.5562227074235808, 12: 0.6842105263157895, 13: 0.5898477157360406, 14: 0.6781115879828327, 15: 0.7078189300411523, 17: 0.79490022172949, 18: 0.6300940438871473, 19: 0.47981220657276996, 20: 0.5614203454894434, 21: 0.7222222222222222, 23: 0.6588447653429603, 24: 0.628032345013477, 25: 0.5357142857142857, 26: 0.48623853211009177, 27: 0.6352941176470588, 28: 0.5863636363636363, 29: 0.5137307434695244, 30: 0.5393442622950819, 31: nan, 32: 0.6185567010309279, 33: 0.2857142857142857, 34: 0.6123046875, 35: 0.5116279069767442, 36: 0.6744186046511628}"
0,38,0.35622823156979905,0.4813222736120224,0.73761715136764,0.6165201453618396,"{0: 0.9016393442622951, 1: 0.6609116022099447, 2: 0.6278938452851497, 3: 0.583710407239819, 4: 0.7857142857142857, 6: 0.48952095808383234, 7: 0.5789473684210527, 8: 0.628482972136223, 10: 0.5912653975363942, 11: 0.5611353711790393, 12: 0.6842105263157895, 13: 0.6294416243654822, 14: 0.6952789699570815, 15: 0.6790123456790124, 17: 0.7860310421286031, 18: 0.64576802507837, 19: 0.4802816901408451, 20: 0.5686180422264875, 21: 0.7333333333333333, 23: 0.6654632972322503, 24: 0.6145552560646901, 25: 0.75, 26: 0.47706422018348627, 27: 0.7058823529411765, 28: 0.5681818181818182, 29: 0.5331547220361688, 30: 0.559016393442623, 31: nan, 32: 0.5773195876288659, 33: 0.2857142857142857, 34: 0.611328125, 35: 0.4186046511627907, 36: 0.6511627906976745}"
0,39,0.3453712356628991,0.4890420793245236,0.7352797825899977,0.6049487227042627,"{0: 0.9344262295081968, 1: 0.6526243093922652, 2: 0.6256352343308865, 3: 0.5520361990950227, 4: 0.7857142857142857, 6: 0.5074850299401198, 7: 0.5789473684210527, 8: 0.6594427244582043, 10: 0.5535647629712579, 11: 0.5562227074235808, 12: 0.6842105263157895, 13: 0.6091370558375635, 14: 0.6652360515021459, 15: 0.6748971193415638, 17: 0.7937915742793792, 18: 0.6144200626959248, 19: 0.47417840375586856, 20: 0.5647792706333973, 21: 0.6777777777777778, 23: 0.674488567990373, 24: 0.6226415094339622, 25: 0.4642857142857143, 26: 0.4954128440366973, 27: 0.6823529411764706, 28: 0.5409090909090909, 29: 0.5097119892833222, 30: 0.5606557377049181, 31: nan, 32: 0.5876288659793815, 33: 0.2857142857142857, 34: 0.583984375, 35: 0.5348837209302325, 36: 0.6511627906976745}"
0,40,0.3451951866452934,0.5143317037572464,0.7384712189778048,0.6077695540633299,"{0: 0.9344262295081968, 1: 0.6657458563535912, 2: 0.6273291925465838, 3: 0.5565610859728507, 4: 0.7142857142857143, 6: 0.5067365269461078, 7: 0.5789473684210527, 8: 0.6408668730650154, 10: 0.5804404628592759, 11: 0.5491266375545851, 12: 0.6842105263157895, 13: 0.5918781725888325, 14: 0.6952789699570815, 15: 0.6666666666666666, 17: 0.7882483370288248, 18: 0.6227795193312434, 19: 0.4953051643192488, 20: 0.5705374280230326, 21: 0.7333333333333333, 23: 0.6552346570397112, 24: 0.6199460916442049, 25: 0.5357142857142857, 26: 0.4954128440366973, 27: 0.6588235294117647, 28: 0.5818181818181818, 29: 0.5150703281982585, 30: 0.5598360655737705, 31: nan, 32: 0.6185567010309279, 33: 0.2857142857142857, 34: 0.603515625, 35: 0.4883720930232558, 36: 0.627906976744186}"
0,41,0.3463461671744575,0.5197143082817396,0.7368762552605888,0.6062804013523693,"{0: 0.9508196721311475, 1: 0.6429558011049724, 2: 0.6024844720496895, 3: 0.579185520361991, 4: 0.7142857142857143, 6: 0.4880239520958084, 7: 0.5789473684210527, 8: 0.628482972136223, 10: 0.5796939156401643, 11: 0.5382096069868996, 12: 0.6842105263157895, 13: 0.601015228426396, 14: 0.6781115879828327, 15: 0.6707818930041153, 17: 0.779379157427938, 18: 0.619644723092999, 19: 0.4765258215962441, 20: 0.5950095969289827, 21: 0.6888888888888889, 23: 0.6642599277978339, 24: 0.6118598382749326, 25: 0.5714285714285714, 26: 0.47706422018348627, 27: 0.7176470588235294, 28: 0.6, 29: 0.5003348961821835, 30: 0.5459016393442623, 31: nan, 32: 0.6288659793814433, 33: 0.2857142857142857, 34: 0.5849609375, 35: 0.46511627906976744, 36: 0.6511627906976745}"
0,42,0.33844841991652963,0.5091159904996554,0.7387820633730239,0.6044455917469274,"{0: 0.9508196721311475, 1: 0.662292817679558, 2: 0.626764539808018, 3: 0.5565610859728507, 4: 0.7857142857142857, 6: 0.46781437125748504, 7: 0.5789473684210527, 8: 0.6006191950464397, 10: 0.5684957073534901, 11: 0.5644104803493449, 12: 0.6842105263157895, 13: 0.601015228426396, 14: 0.6781115879828327, 15: 0.6172839506172839, 17: 0.7982261640798226, 18: 0.6144200626959248, 19: 0.4990610328638498, 20: 0.5882917466410749, 21: 0.7111111111111111, 23: 0.6750902527075813, 24: 0.6091644204851752, 25: 0.5357142857142857, 26: 0.47706422018348627, 27: 0.6588235294117647, 28: 0.5840909090909091, 29: 0.5298057602143336, 30: 0.5426229508196722, 31: nan, 32: 0.6391752577319587, 33: 0.2857142857142857, 34: 0.5810546875, 35: 0.4186046511627907, 36: 0.6511627906976745}"
0,43,0.34280530513585117,0.5205751056472461,0.731733742159101,0.6011954560862257,"{0: 0.9180327868852459, 1: 0.6429558011049724, 2: 0.6177300959909655, 3: 0.5565610859728507, 4: 0.7857142857142857, 6: 0.4588323353293413, 7: 0.5789473684210527, 8: 0.6222910216718266, 10: 0.5722284434490481, 11: 0.5469432314410481, 12: 0.6842105263157895, 13: 0.5898477157360406, 14: 0.7081545064377682, 15: 0.6666666666666666, 17: 0.7893569844789357, 18: 0.6300940438871473, 19: 0.4788732394366197, 20: 0.5854126679462572, 21: 0.7333333333333333, 23: 0.6624548736462094, 24: 0.5929919137466307, 25: 0.42857142857142855, 26: 0.5045871559633027, 27: 0.6823529411764706, 28: 0.575, 29: 0.5144005358338914, 30: 0.5524590163934426, 31: nan, 32: 0.6082474226804123, 33: 0.2857142857142857, 34: 0.572265625, 35: 0.4418604651162791, 36: 0.6511627906976745}"
0,44,0.3321200743818483,0.5256793667872747,0.7389782273117543,0.6007472840353258,"{0: 0.9344262295081968, 1: 0.636049723756906, 2: 0.6171654432523997, 3: 0.5339366515837104, 4: 0.7142857142857143, 6: 0.4752994011976048, 7: 0.5789473684210527, 8: 0.6006191950464397, 10: 0.5539380365808138, 11: 0.5425764192139738, 12: 0.6842105263157895, 13: 0.5614213197969543, 14: 0.6909871244635193, 15: 0.6008230452674898, 17: 0.79490022172949, 18: 0.6468129571577848, 19: 0.4802816901408451, 20: 0.5906909788867563, 21: 0.7111111111111111, 23: 0.6600481347773767, 24: 0.5929919137466307, 25: 0.5357142857142857, 26: 0.48623853211009177, 27: 0.7058823529411765, 28: 0.615909090909091, 29: 0.5304755525787006, 30: 0.5573770491803278, 31: nan, 32: 0.6288659793814433, 33: 0.2857142857142857, 34: 0.6064453125, 35: 0.4418604651162791, 36: 0.627906976744186}"
0,45,0.3152140135086384,0.5180186095337073,0.7345087074154496,0.5954521120795226,"{0: 0.9344262295081968, 1: 0.6353591160220995, 2: 0.6408808582721626, 3: 0.5610859728506787, 4: 0.7857142857142857, 6: 0.4708083832335329, 7: 0.5789473684210527, 8: 0.6160990712074303, 10: 0.562896603210153, 11: 0.5496724890829694, 12: 0.6842105263157895, 13: 0.5868020304568528, 14: 0.6866952789699571, 15: 0.5925925925925926, 17: 0.7937915742793792, 18: 0.6185997910135841, 19: 0.4835680751173709, 20: 0.5844529750479847, 21: 0.7333333333333333, 23: 0.6666666666666666, 24: 0.6037735849056604, 25: 0.42857142857142855, 26: 0.46788990825688076, 27: 0.6470588235294118, 28: 0.575, 29: 0.5050234427327528, 30: 0.5270491803278688, 31: nan, 32: 0.5979381443298969, 33: 0.2857142857142857, 34: 0.580078125, 35: 0.46511627906976744, 36: 0.6046511627906976}"
